[fondo1.jpg]
filters=Boost=1,50.000000;finetune2=1,0.000000,0.000000,0.283509,00000000,0.052632;
moddate=2069c750db4bcd01
width=18
height=18
textactive=0
